[38;5;1;48;5;16m [38;5;1;48;5;16m [38;5;1;48;5;16m [38;5;1;48;5;16m [38;5;1;48;5;16m [38;5;1;48;5;16m [38;5;1;48;5;16m [38;5;1;48;5;16m [38;5;1;48;5;16m [38;5;1;48;5;16m [38;5;1;48;5;16m [38;5;1;48;5;16m [38;5;1;48;5;16m [38;5;1;48;5;16m [38;5;1;48;5;16m [38;5;1;48;5;16m [38;5;1;48;5;16m [38;5;1;48;5;16m [38;5;1;48;5;16m [38;5;1;48;5;16m [38;5;1;48;5;16m [38;5;1;48;5;16m [38;5;1;48;5;16m [38;5;1;48;5;16m [38;5;1;48;5;16m [38;5;1;48;5;16m [38;5;1;48;5;16m [38;5;1;48;5;16m [38;5;1;48;5;16m [38;5;1;48;5;16m [38;5;1;48;5;16m [38;5;1;48;5;16m [38;5;1;48;5;16m [38;5;1;48;5;16m [38;5;116;48;5;252m▒[38;5;1;48;5;16m [38;5;1;48;5;16m [38;5;1;48;5;16m [38;5;1;48;5;16m [38;5;1;48;5;16m [38;5;1;48;5;16m [38;5;1;48;5;16m [38;5;1;48;5;16m [38;5;1;48;5;16m [38;5;1;48;5;16m [38;5;1;48;5;16m [38;5;1;48;5;16m [38;5;1;48;5;16m [38;5;1;48;5;16m [38;5;1;48;5;16m [38;5;1;48;5;16m [38;5;1;48;5;16m [38;5;1;48;5;16m [38;5;1;48;5;16m [38;5;1;48;5;16m [38;5;1;48;5;16m [38;5;1;48;5;16m [38;5;1;48;5;16m [38;5;1;48;5;16m [38;5;1;48;5;16m [38;5;1;48;5;16m [38;5;1;48;5;16m [38;5;1;48;5;16m [38;5;1;48;5;16m [38;5;1;48;5;16m [38;5;1;48;5;16m [38;5;1;48;5;16m [38;5;1;48;5;16m [38;5;1;48;5;16m [38;5;1;48;5;16m [38;5;123;48;5;231m [38;5;1;48;5;16m [38;5;1;48;5;16m [38;5;1;48;5;16m [38;5;1;48;5;16m [38;5;1;48;5;16m [38;5;1;48;5;16m [38;5;1;48;5;16m [38;5;1;48;5;16m [38;5;1;48;5;16m [0m
[38;5;1;48;5;16m [38;5;1;48;5;16m [38;5;1;48;5;16m [38;5;1;48;5;16m [38;5;1;48;5;16m [38;5;1;48;5;16m [38;5;1;48;5;16m [38;5;1;48;5;16m [38;5;1;48;5;16m [38;5;1;48;5;16m [38;5;1;48;5;16m [38;5;1;48;5;16m [38;5;1;48;5;16m [38;5;1;48;5;16m [38;5;1;48;5;16m [38;5;1;48;5;16m [38;5;1;48;5;16m [38;5;1;48;5;16m [38;5;1;48;5;16m [38;5;1;48;5;16m [38;5;1;48;5;16m [38;5;1;48;5;16m [38;5;1;48;5;16m [38;5;1;48;5;16m [38;5;1;48;5;16m [38;5;1;48;5;16m [38;5;1;48;5;16m [38;5;66;48;5;244m▓[38;5;131;48;5;236m▒[38;5;1;48;5;16m [38;5;1;48;5;16m [38;5;1;48;5;16m [38;5;1;48;5;16m [38;5;1;48;5;16m [38;5;1;48;5;16m [38;5;167;48;5;234m▒[38;5;231;48;5;231m▓[38;5;80;48;5;231m░[38;5;73;48;5;251m▒[38;5;1;48;5;16m [38;5;1;48;5;16m [38;5;1;48;5;16m [38;5;1;48;5;16m [38;5;1;48;5;16m [38;5;1;48;5;16m [38;5;1;48;5;16m [38;5;1;48;5;16m [38;5;1;48;5;16m [38;5;1;48;5;16m [38;5;1;48;5;16m [38;5;1;48;5;16m [38;5;1;48;5;16m [38;5;1;48;5;16m [38;5;1;48;5;16m [38;5;1;48;5;16m [38;5;1;48;5;16m [38;5;1;48;5;16m [38;5;1;48;5;16m [38;5;1;48;5;16m [38;5;1;48;5;16m [38;5;1;48;5;16m [38;5;167;48;5;234m▒[38;5;80;48;5;246m░[38;5;248;48;5;248m▓[38;5;241;48;5;241m▓[38;5;69;48;5;232m▒[38;5;68;48;5;232m░[38;5;69;48;5;232m░[38;5;69;48;5;232m░[38;5;17;48;5;16m [38;5;236;48;5;236m▓[38;5;69;48;5;232m░[38;5;16;48;5;16m▓[38;5;145;48;5;145m▓[38;5;1;48;5;16m [38;5;1;48;5;16m [38;5;1;48;5;16m [38;5;1;48;5;16m [38;5;1;48;5;16m [38;5;1;48;5;16m [0m
[38;5;1;48;5;16m [38;5;1;48;5;16m [38;5;1;48;5;16m [38;5;1;48;5;16m [38;5;1;48;5;16m [38;5;1;48;5;16m [38;5;1;48;5;16m [38;5;1;48;5;16m [38;5;1;48;5;16m [38;5;1;48;5;16m [38;5;1;48;5;16m [38;5;1;48;5;16m [38;5;1;48;5;16m [38;5;1;48;5;16m [38;5;1;48;5;16m [38;5;1;48;5;16m [38;5;1;48;5;16m [38;5;1;48;5;16m [38;5;1;48;5;16m [38;5;1;48;5;16m [38;5;1;48;5;16m [38;5;1;48;5;16m [38;5;1;48;5;16m [38;5;1;48;5;16m [38;5;1;48;5;16m [38;5;1;48;5;16m [38;5;1;48;5;16m░[38;5;254;48;5;254m▓[38;5;73;48;5;7m▒[38;5;1;48;5;16m [38;5;1;48;5;16m [38;5;1;48;5;16m [38;5;1;48;5;16m [38;5;1;48;5;16m [38;5;1;48;5;16m [38;5;1;48;5;16m [38;5;167;48;5;233m░[38;5;231;48;5;231m▓[38;5;248;48;5;248m▓[38;5;248;48;5;248m▓[38;5;231;48;5;231m▓[38;5;80;48;5;231m░[38;5;131;48;5;236m▒[38;5;1;48;5;16m [38;5;1;48;5;16m [38;5;1;48;5;16m [38;5;1;48;5;16m [38;5;1;48;5;16m [38;5;1;48;5;16m [38;5;1;48;5;16m [38;5;1;48;5;16m [38;5;1;48;5;16m [38;5;1;48;5;16m [38;5;1;48;5;16m [38;5;95;48;5;59m▓[38;5;44;48;5;252m░[38;5;248;48;5;248m▓[38;5;248;48;5;248m▓[38;5;60;48;5;240m▓[38;5;69;48;5;232m▒[38;5;69;48;5;232m░[38;5;69;48;5;232m░[38;5;140;48;5;232m▒[38;5;204;48;5;238m▓[38;5;160;48;5;160m [38;5;160;48;5;160m [38;5;160;48;5;160m [38;5;160;48;5;160m [38;5;248;48;5;248m▓[38;5;248;48;5;248m▓[38;5;248;48;5;248m▓[38;5;248;48;5;248m▓[38;5;248;48;5;248m▓[38;5;69;48;5;232m░[38;5;75;48;5;16m [38;5;80;48;5;7m▒[38;5;1;48;5;16m [38;5;1;48;5;16m [38;5;1;48;5;16m [38;5;1;48;5;16m [0m
[38;5;1;48;5;16m [38;5;1;48;5;16m [38;5;1;48;5;16m [38;5;1;48;5;16m [38;5;1;48;5;16m [38;5;1;48;5;16m [38;5;1;48;5;16m [38;5;1;48;5;16m [38;5;1;48;5;16m [38;5;1;48;5;16m [38;5;1;48;5;16m [38;5;1;48;5;16m [38;5;1;48;5;16m [38;5;1;48;5;16m [38;5;1;48;5;16m [38;5;1;48;5;16m [38;5;1;48;5;16m [38;5;1;48;5;16m [38;5;1;48;5;16m [38;5;1;48;5;16m [38;5;1;48;5;16m [38;5;1;48;5;16m [38;5;1;48;5;16m [38;5;1;48;5;16m [38;5;1;48;5;16m [38;5;1;48;5;16m [38;5;231;48;5;231m▓[38;5;248;48;5;248m▓[38;5;51;48;5;231m░[38;5;1;48;5;16m [38;5;1;48;5;16m [38;5;1;48;5;16m [38;5;1;48;5;16m [38;5;1;48;5;16m [38;5;1;48;5;16m [38;5;1;48;5;16m [38;5;1;48;5;16m [38;5;1;48;5;16m [38;5;231;48;5;231m▓[38;5;248;48;5;248m▓[38;5;69;48;5;232m░[38;5;246;48;5;246m▓[38;5;248;48;5;248m▓[38;5;231;48;5;231m▓[38;5;231;48;5;231m▓[38;5;1;48;5;16m [38;5;1;48;5;16m [38;5;1;48;5;16m [38;5;1;48;5;16m [38;5;1;48;5;16m [38;5;1;48;5;16m [38;5;1;48;5;16m [38;5;145;48;5;145m▓[38;5;248;48;5;248m▓[38;5;16;48;5;16m▓[38;5;69;48;5;232m░[38;5;69;48;5;232m░[38;5;27;48;5;232m▒[38;5;95;48;5;239m▓[38;5;160;48;5;160m [38;5;160;48;5;160m [38;5;160;48;5;160m [38;5;160;48;5;160m [38;5;160;48;5;160m [38;5;160;48;5;160m [38;5;160;48;5;160m [38;5;248;48;5;248m▓[38;5;248;48;5;248m▓[38;5;248;48;5;248m▓[38;5;248;48;5;247m▓[38;5;244;48;5;244m▓[38;5;131;48;5;237m▒[38;5;1;48;5;16m [38;5;73;48;5;242m▒[38;5;248;48;5;248m▓[38;5;16;48;5;16m▓[38;5;243;48;5;243m▓[38;5;1;48;5;16m░[38;5;1;48;5;16m [38;5;1;48;5;16m [0m
[38;5;1;48;5;16m [38;5;1;48;5;16m [38;5;1;48;5;16m [38;5;1;48;5;16m [38;5;1;48;5;16m [38;5;1;48;5;16m [38;5;1;48;5;16m [38;5;1;48;5;16m [38;5;1;48;5;16m [38;5;1;48;5;16m [38;5;1;48;5;16m [38;5;1;48;5;16m [38;5;1;48;5;16m [38;5;1;48;5;16m [38;5;1;48;5;16m [38;5;1;48;5;16m [38;5;1;48;5;16m [38;5;1;48;5;16m [38;5;1;48;5;16m [38;5;1;48;5;16m [38;5;1;48;5;16m [38;5;1;48;5;16m [38;5;1;48;5;16m [38;5;1;48;5;16m [38;5;1;48;5;16m [38;5;66;48;5;231m▓[38;5;231;48;5;231m▓[38;5;239;48;5;239m▓[38;5;188;48;5;188m▓[38;5;123;48;5;231m░[38;5;1;48;5;16m [38;5;1;48;5;16m [38;5;1;48;5;16m [38;5;66;48;5;102m▓[38;5;80;48;5;231m▒[38;5;80;48;5;253m▒[38;5;1;48;5;16m [38;5;1;48;5;16m [38;5;174;48;5;236m▒[38;5;247;48;5;247m▓[38;5;61;48;5;232m▓[38;5;69;48;5;232m░[38;5;69;48;5;232m░[38;5;248;48;5;248m▓[38;5;248;48;5;248m▓[38;5;231;48;5;231m▓[38;5;231;48;5;231m▓[38;5;1;48;5;16m [38;5;1;48;5;16m [38;5;1;48;5;16m [38;5;131;48;5;249m▒[38;5;243;48;5;242m▓[38;5;69;48;5;232m░[38;5;134;48;5;16m▒[38;5;160;48;5;160m [38;5;160;48;5;160m [38;5;160;48;5;160m [38;5;160;48;5;160m [38;5;160;48;5;160m [38;5;160;48;5;160m [38;5;160;48;5;160m [38;5;160;48;5;160m [38;5;160;48;5;160m [38;5;160;48;5;160m [38;5;160;48;5;160m [38;5;66;48;5;248m▓[38;5;248;48;5;248m▓[38;5;248;48;5;248m▓[38;5;248;48;5;248m▓[38;5;231;48;5;231m▓[38;5;138;48;5;239m▓[38;5;1;48;5;16m [38;5;1;48;5;16m [38;5;1;48;5;16m [38;5;1;48;5;16m [38;5;1;48;5;16m [38;5;145;48;5;248m▓[38;5;248;48;5;248m▓[38;5;1;48;5;16m [38;5;1;48;5;16m [0m
[38;5;1;48;5;16m [38;5;1;48;5;16m [38;5;1;48;5;16m [38;5;1;48;5;16m [38;5;1;48;5;16m [38;5;1;48;5;16m [38;5;1;48;5;16m [38;5;1;48;5;16m [38;5;1;48;5;16m [38;5;1;48;5;16m [38;5;1;48;5;16m [38;5;1;48;5;16m [38;5;1;48;5;16m [38;5;1;48;5;16m [38;5;1;48;5;16m [38;5;1;48;5;16m [38;5;1;48;5;16m [38;5;1;48;5;16m [38;5;1;48;5;16m [38;5;1;48;5;16m [38;5;1;48;5;16m [38;5;1;48;5;16m [38;5;1;48;5;16m [38;5;1;48;5;16m [38;5;1;48;5;16m [38;5;231;48;5;231m▓[38;5;247;48;5;247m▓[38;5;68;48;5;240m▓[38;5;68;48;5;232m░[38;5;255;48;5;255m▓[38;5;1;48;5;16m░[38;5;1;48;5;16m░[38;5;1;48;5;16m [38;5;123;48;5;231m░[38;5;145;48;5;248m▓[38;5;67;48;5;232m▓[38;5;242;48;5;242m▓[38;5;248;48;5;248m▓[38;5;248;48;5;248m▓[38;5;68;48;5;232m▒[38;5;248;48;5;248m▓[38;5;69;48;5;233m▓[38;5;69;48;5;232m░[38;5;69;48;5;232m░[38;5;69;48;5;232m▒[38;5;248;48;5;248m▓[38;5;7;48;5;250m▓[38;5;231;48;5;231m▓[38;5;73;48;5;249m▒[38;5;248;48;5;248m▓[38;5;69;48;5;232m░[38;5;69;48;5;232m░[38;5;160;48;5;160m [38;5;160;48;5;160m [38;5;160;48;5;160m [38;5;160;48;5;160m [38;5;160;48;5;160m [38;5;160;48;5;160m [38;5;160;48;5;160m [38;5;160;48;5;160m [38;5;160;48;5;160m [38;5;160;48;5;160m [38;5;160;48;5;160m [38;5;160;48;5;160m [38;5;160;48;5;160m [38;5;160;48;5;160m [38;5;248;48;5;248m▓[38;5;248;48;5;248m▓[38;5;248;48;5;248m▓[38;5;247;48;5;247m▓[38;5;231;48;5;231m▓[38;5;1;48;5;16m [38;5;1;48;5;16m [38;5;1;48;5;16m [38;5;1;48;5;16m [38;5;1;48;5;16m [38;5;1;48;5;16m [38;5;66;48;5;244m▓[38;5;152;48;5;253m▓[38;5;1;48;5;16m [0m
[38;5;1;48;5;16m [38;5;1;48;5;16m [38;5;1;48;5;16m [38;5;1;48;5;16m [38;5;1;48;5;16m [38;5;1;48;5;16m [38;5;1;48;5;16m [38;5;1;48;5;16m [38;5;1;48;5;16m [38;5;1;48;5;16m [38;5;1;48;5;16m [38;5;1;48;5;16m [38;5;1;48;5;16m [38;5;1;48;5;16m [38;5;1;48;5;16m [38;5;1;48;5;16m [38;5;1;48;5;16m [38;5;1;48;5;16m [38;5;1;48;5;16m [38;5;1;48;5;16m [38;5;1;48;5;16m [38;5;1;48;5;16m [38;5;1;48;5;16m [38;5;1;48;5;16m [38;5;1;48;5;16m [38;5;231;48;5;231m▓[38;5;247;48;5;247m▓[38;5;245;48;5;245m▓[38;5;69;48;5;232m░[38;5;16;48;5;16m▓[38;5;254;48;5;254m▓[38;5;231;48;5;231m▓[38;5;231;48;5;231m▓[38;5;188;48;5;188m▓[38;5;73;48;5;16m▓[38;5;69;48;5;232m░[38;5;69;48;5;232m░[38;5;69;48;5;232m░[38;5;69;48;5;232m░[38;5;69;48;5;232m░[38;5;69;48;5;232m░[38;5;68;48;5;232m░[38;5;69;48;5;232m░[38;5;69;48;5;232m░[38;5;69;48;5;232m░[38;5;69;48;5;232m▒[38;5;248;48;5;248m▓[38;5;248;48;5;248m▓[38;5;241;48;5;59m▓[38;5;69;48;5;232m░[38;5;69;48;5;232m░[38;5;69;48;5;232m░[38;5;69;48;5;232m░[38;5;69;48;5;232m░[38;5;69;48;5;232m░[38;5;69;48;5;232m░[38;5;69;48;5;232m░[38;5;69;48;5;232m░[38;5;69;48;5;232m░[38;5;69;48;5;232m░[38;5;69;48;5;232m░[38;5;69;48;5;232m░[38;5;68;48;5;232m░[38;5;62;48;5;232m▒[38;5;160;48;5;160m░[38;5;160;48;5;160m [38;5;160;48;5;160m [38;5;95;48;5;247m▓[38;5;248;48;5;248m▓[38;5;248;48;5;248m▓[38;5;145;48;5;145m▓[38;5;80;48;5;253m░[38;5;1;48;5;16m [38;5;1;48;5;16m [38;5;1;48;5;16m [38;5;1;48;5;16m [38;5;1;48;5;16m [38;5;1;48;5;16m [38;5;1;48;5;16m░[38;5;1;48;5;16m [0m
[38;5;1;48;5;16m [38;5;1;48;5;16m [38;5;1;48;5;16m [38;5;1;48;5;16m [38;5;1;48;5;16m [38;5;1;48;5;16m [38;5;1;48;5;16m [38;5;1;48;5;16m [38;5;1;48;5;16m [38;5;1;48;5;16m [38;5;1;48;5;16m [38;5;1;48;5;16m [38;5;248;48;5;248m▓[38;5;248;48;5;248m▓[38;5;248;48;5;248m▓[38;5;69;48;5;232m▒[38;5;61;48;5;232m▓[38;5;66;48;5;247m▓[38;5;248;48;5;248m▓[38;5;145;48;5;248m▓[38;5;80;48;5;242m▒[38;5;95;48;5;240m▓[38;5;1;48;5;16m [38;5;1;48;5;16m [38;5;1;48;5;16m [38;5;116;48;5;231m▒[38;5;255;48;5;255m▓[38;5;248;48;5;248m▓[38;5;69;48;5;232m░[38;5;69;48;5;232m░[38;5;245;48;5;245m▓[38;5;253;48;5;188m▓[38;5;68;48;5;232m▓[38;5;69;48;5;232m░[38;5;69;48;5;232m░[38;5;69;48;5;232m░[38;5;69;48;5;232m░[38;5;69;48;5;232m░[38;5;69;48;5;232m░[38;5;69;48;5;232m░[38;5;69;48;5;232m░[38;5;69;48;5;232m░[38;5;69;48;5;232m░[38;5;69;48;5;232m░[38;5;69;48;5;232m░[38;5;69;48;5;232m░[38;5;69;48;5;232m▒[38;5;248;48;5;248m▓[38;5;60;48;5;234m▓[38;5;69;48;5;232m░[38;5;248;48;5;248m▓[38;5;248;48;5;248m▓[38;5;248;48;5;248m▓[38;5;16;48;5;16m▓[38;5;69;48;5;232m░[38;5;99;48;5;232m▓[38;5;167;48;5;124m▒[38;5;160;48;5;160m [38;5;160;48;5;160m [38;5;160;48;5;160m [38;5;160;48;5;160m [38;5;160;48;5;160m [38;5;160;48;5;160m [38;5;160;48;5;160m [38;5;167;48;5;131m▒[38;5;99;48;5;232m▒[38;5;69;48;5;232m░[38;5;75;48;5;232m░[38;5;160;48;5;160m [38;5;248;48;5;248m▓[38;5;248;48;5;248m▓[38;5;248;48;5;248m▓[38;5;248;48;5;248m▓[38;5;231;48;5;231m▓[38;5;167;48;5;234m▒[38;5;1;48;5;16m [38;5;1;48;5;16m [38;5;1;48;5;16m [38;5;1;48;5;16m [38;5;1;48;5;16m [0m
[38;5;1;48;5;16m [38;5;1;48;5;16m [38;5;1;48;5;16m [38;5;1;48;5;16m [38;5;1;48;5;16m [38;5;1;48;5;16m [38;5;1;48;5;16m [38;5;1;48;5;16m [38;5;1;48;5;16m [38;5;243;48;5;242m▓[38;5;248;48;5;248m▓[38;5;248;48;5;248m▓[38;5;16;48;5;16m▓[38;5;69;48;5;232m░[38;5;99;48;5;16m [38;5;160;48;5;160m [38;5;160;48;5;160m [38;5;160;48;5;160m [38;5;204;48;5;235m▓[38;5;69;48;5;232m▒[38;5;69;48;5;232m░[38;5;68;48;5;232m▒[38;5;60;48;5;236m▓[38;5;248;48;5;248m▓[38;5;248;48;5;248m▓[38;5;248;48;5;248m▓[38;5;255;48;5;255m▓[38;5;248;48;5;248m▓[38;5;68;48;5;232m▒[38;5;69;48;5;232m░[38;5;69;48;5;232m░[38;5;69;48;5;232m░[38;5;68;48;5;232m░[38;5;69;48;5;232m░[38;5;69;48;5;232m░[38;5;69;48;5;232m░[38;5;69;48;5;232m░[38;5;17;48;5;16m [38;5;204;48;5;1m [38;5;204;48;5;52m [38;5;69;48;5;232m░[38;5;69;48;5;232m░[38;5;69;48;5;232m░[38;5;69;48;5;232m░[38;5;69;48;5;232m░[38;5;69;48;5;232m░[38;5;69;48;5;232m░[38;5;68;48;5;232m░[38;5;248;48;5;248m▓[38;5;16;48;5;16m▓[38;5;248;48;5;248m▓[38;5;231;48;5;231m▓[38;5;87;48;5;255m░[38;5;231;48;5;231m▓[38;5;248;48;5;248m▓[38;5;238;48;5;237m▓[38;5;69;48;5;232m░[38;5;69;48;5;232m░[38;5;160;48;5;160m [38;5;160;48;5;160m [38;5;160;48;5;160m [38;5;160;48;5;160m [38;5;160;48;5;160m [38;5;160;48;5;160m [38;5;160;48;5;160m [38;5;160;48;5;160m [38;5;160;48;5;160m [38;5;160;48;5;160m [38;5;167;48;5;124m▒[38;5;69;48;5;232m▒[38;5;69;48;5;232m░[38;5;244;48;5;244m▓[38;5;248;48;5;248m▓[38;5;248;48;5;248m▓[38;5;248;48;5;248m▓[38;5;231;48;5;231m▓[38;5;116;48;5;251m▒[38;5;1;48;5;16m [38;5;1;48;5;16m [38;5;1;48;5;16m [0m
[38;5;1;48;5;16m [38;5;1;48;5;16m [38;5;1;48;5;16m [38;5;1;48;5;16m [38;5;1;48;5;16m [38;5;1;48;5;16m [38;5;1;48;5;16m [38;5;1;48;5;16m [38;5;248;48;5;248m▓[38;5;248;48;5;248m▓[38;5;69;48;5;232m▓[38;5;69;48;5;232m░[38;5;81;48;5;234m▓[38;5;160;48;5;160m [38;5;160;48;5;160m [38;5;160;48;5;160m [38;5;160;48;5;160m [38;5;160;48;5;160m [38;5;160;48;5;160m [38;5;160;48;5;160m [38;5;160;48;5;160m [38;5;160;48;5;160m [38;5;160;48;5;160m [38;5;16;48;5;16m▓[38;5;69;48;5;232m░[38;5;69;48;5;232m░[38;5;69;48;5;232m▓[38;5;66;48;5;238m▓[38;5;69;48;5;237m▓[38;5;69;48;5;232m░[38;5;69;48;5;232m░[38;5;69;48;5;232m░[38;5;69;48;5;232m░[38;5;69;48;5;232m░[38;5;69;48;5;232m░[38;5;68;48;5;232m░[38;5;66;48;5;253m▓[38;5;204;48;5;252m▓[38;5;16;48;5;16m▓[38;5;253;48;5;253m▓[38;5;96;48;5;252m▓[38;5;99;48;5;232m▒[38;5;69;48;5;232m░[38;5;69;48;5;232m░[38;5;69;48;5;232m░[38;5;69;48;5;232m░[38;5;69;48;5;232m░[38;5;69;48;5;232m░[38;5;245;48;5;245m▓[38;5;87;48;5;231m░[38;5;254;48;5;254m▓[38;5;251;48;5;251m▓[38;5;1;48;5;16m [38;5;1;48;5;16m [38;5;80;48;5;231m░[38;5;231;48;5;231m▓[38;5;248;48;5;248m▓[38;5;69;48;5;232m▒[38;5;69;48;5;232m░[38;5;174;48;5;124m▒[38;5;160;48;5;160m [38;5;160;48;5;160m [38;5;160;48;5;160m [38;5;160;48;5;160m [38;5;131;48;5;138m▒[38;5;248;48;5;248m▓[38;5;248;48;5;248m▓[38;5;248;48;5;248m▓[38;5;248;48;5;248m▓[38;5;248;48;5;248m▓[38;5;248;48;5;248m▓[38;5;248;48;5;248m▓[38;5;232;48;5;232m▓[38;5;69;48;5;232m░[38;5;16;48;5;16m▓[38;5;248;48;5;248m▓[38;5;248;48;5;248m▓[38;5;231;48;5;231m▓[38;5;1;48;5;16m [38;5;1;48;5;16m [0m
[38;5;1;48;5;16m [38;5;1;48;5;16m [38;5;1;48;5;16m [38;5;1;48;5;16m [38;5;1;48;5;16m [38;5;1;48;5;16m [38;5;1;48;5;16m [38;5;248;48;5;248m▓[38;5;237;48;5;237m▓[38;5;69;48;5;232m░[38;5;33;48;5;232m [38;5;160;48;5;160m [38;5;204;48;5;160m [38;5;160;48;5;160m [38;5;160;48;5;160m [38;5;160;48;5;160m [38;5;160;48;5;160m [38;5;160;48;5;160m [38;5;160;48;5;160m [38;5;160;48;5;160m [38;5;160;48;5;160m [38;5;160;48;5;160m [38;5;160;48;5;160m [38;5;160;48;5;160m [38;5;160;48;5;160m [38;5;17;48;5;16m [38;5;69;48;5;232m░[38;5;69;48;5;232m░[38;5;69;48;5;232m░[38;5;69;48;5;232m░[38;5;69;48;5;232m░[38;5;124;48;5;124m [38;5;69;48;5;232m░[38;5;69;48;5;232m░[38;5;69;48;5;232m░[38;5;88;48;5;1m [38;5;253;48;5;253m▓[38;5;174;48;5;174m▒[38;5;124;48;5;124m [38;5;174;48;5;131m▒[38;5;69;48;5;232m░[38;5;69;48;5;232m░[38;5;69;48;5;232m░[38;5;69;48;5;232m░[38;5;69;48;5;232m░[38;5;69;48;5;232m░[38;5;69;48;5;232m░[38;5;69;48;5;232m░[38;5;248;48;5;248m▓[38;5;123;48;5;231m░[38;5;1;48;5;16m [38;5;1;48;5;16m [38;5;1;48;5;16m [38;5;1;48;5;16m [38;5;1;48;5;16m [38;5;1;48;5;232m░[38;5;231;48;5;231m▓[38;5;248;48;5;248m▓[38;5;60;48;5;16m▓[38;5;69;48;5;232m░[38;5;131;48;5;95m▒[38;5;160;48;5;160m [38;5;160;48;5;160m [38;5;160;48;5;160m [38;5;66;48;5;248m▓[38;5;248;48;5;248m▓[38;5;248;48;5;248m▓[38;5;248;48;5;248m▓[38;5;248;48;5;248m▓[38;5;248;48;5;248m▓[38;5;248;48;5;248m▓[38;5;248;48;5;248m▓[38;5;248;48;5;248m▓[38;5;248;48;5;248m▓[38;5;248;48;5;248m▓[38;5;248;48;5;248m▓[38;5;232;48;5;232m▓[38;5;16;48;5;16m▓[38;5;248;48;5;248m▓[38;5;80;48;5;231m▒[0m
[38;5;1;48;5;16m [38;5;1;48;5;16m [38;5;1;48;5;16m [38;5;1;48;5;16m [38;5;1;48;5;16m [38;5;80;48;5;245m▒[38;5;248;48;5;248m▓[38;5;69;48;5;232m▒[38;5;69;48;5;232m▓[38;5;248;48;5;248m▓[38;5;248;48;5;248m▓[38;5;248;48;5;248m▓[38;5;248;48;5;248m▓[38;5;248;48;5;248m▓[38;5;248;48;5;248m▓[38;5;248;48;5;248m▓[38;5;248;48;5;248m▓[38;5;160;48;5;160m [38;5;160;48;5;160m [38;5;160;48;5;160m [38;5;160;48;5;160m [38;5;160;48;5;160m░[38;5;69;48;5;232m░[38;5;68;48;5;232m▒[38;5;80;48;5;234m▒[38;5;160;48;5;160m [38;5;160;48;5;160m [38;5;69;48;5;232m░[38;5;244;48;5;244m▓[38;5;69;48;5;232m▒[38;5;204;48;5;52m░[38;5;204;48;5;252m▓[38;5;16;48;5;16m▓[38;5;162;48;5;232m▒[38;5;69;48;5;232m░[38;5;69;48;5;232m░[38;5;27;48;5;232m▒[38;5;69;48;5;232m░[38;5;69;48;5;232m░[38;5;69;48;5;232m░[38;5;69;48;5;232m░[38;5;69;48;5;232m░[38;5;69;48;5;232m░[38;5;69;48;5;232m░[38;5;69;48;5;232m░[38;5;69;48;5;232m░[38;5;69;48;5;232m░[38;5;69;48;5;232m▒[38;5;248;48;5;248m▓[38;5;1;48;5;16m [38;5;1;48;5;16m [38;5;1;48;5;16m [38;5;1;48;5;16m [38;5;1;48;5;16m [38;5;1;48;5;16m [38;5;1;48;5;16m [38;5;1;48;5;16m [38;5;51;48;5;231m░[38;5;248;48;5;248m▓[38;5;16;48;5;16m▓[38;5;69;48;5;232m░[38;5;131;48;5;131m▒[38;5;160;48;5;160m [38;5;160;48;5;160m [38;5;66;48;5;248m▓[38;5;248;48;5;248m▓[38;5;248;48;5;248m▓[38;5;231;48;5;231m▓[38;5;174;48;5;235m▒[38;5;1;48;5;16m [38;5;1;48;5;16m [38;5;1;48;5;16m [38;5;1;48;5;16m [38;5;1;48;5;16m [38;5;1;48;5;16m [38;5;167;48;5;233m░[38;5;80;48;5;254m▒[38;5;87;48;5;231m░[38;5;231;48;5;231m▓[38;5;248;48;5;248m▓[0m
[38;5;1;48;5;16m [38;5;1;48;5;16m [38;5;1;48;5;16m [38;5;1;48;5;16m [38;5;80;48;5;247m▒[38;5;247;48;5;247m▓[38;5;69;48;5;232m░[38;5;247;48;5;247m▓[38;5;248;48;5;248m▓[38;5;249;48;5;145m▓[38;5;231;48;5;231m▓[38;5;80;48;5;255m░[38;5;231;48;5;231m▓[38;5;231;48;5;231m▓[38;5;248;48;5;248m▓[38;5;248;48;5;248m▓[38;5;248;48;5;248m▓[38;5;248;48;5;248m▓[38;5;160;48;5;160m [38;5;160;48;5;160m [38;5;160;48;5;160m [38;5;69;48;5;232m░[38;5;117;48;5;232m [38;5;160;48;5;160m [38;5;160;48;5;160m [38;5;160;48;5;160m [38;5;160;48;5;160m [38;5;69;48;5;232m░[38;5;101;48;5;243m▓[38;5;244;48;5;244m▓[38;5;69;48;5;232m░[38;5;252;48;5;251m▓[38;5;204;48;5;52m▒[38;5;92;48;5;232m▒[38;5;69;48;5;232m░[38;5;69;48;5;232m░[38;5;69;48;5;232m░[38;5;69;48;5;232m░[38;5;69;48;5;232m░[38;5;69;48;5;232m░[38;5;69;48;5;232m░[38;5;69;48;5;232m░[38;5;69;48;5;232m░[38;5;69;48;5;232m░[38;5;69;48;5;232m░[38;5;69;48;5;232m▒[38;5;69;48;5;232m░[38;5;145;48;5;248m▓[38;5;244;48;5;243m▓[38;5;248;48;5;248m▓[38;5;51;48;5;254m░[38;5;1;48;5;16m [38;5;1;48;5;16m [38;5;1;48;5;16m [38;5;1;48;5;16m [38;5;1;48;5;16m [38;5;131;48;5;238m▓[38;5;138;48;5;239m▓[38;5;80;48;5;252m▒[38;5;248;48;5;248m▓[38;5;69;48;5;232m░[38;5;69;48;5;232m░[38;5;160;48;5;160m [38;5;160;48;5;160m [38;5;95;48;5;138m▓[38;5;248;48;5;248m▓[38;5;253;48;5;253m▓[38;5;80;48;5;231m░[38;5;1;48;5;16m [38;5;1;48;5;16m [38;5;1;48;5;16m [38;5;1;48;5;16m [38;5;1;48;5;16m [38;5;1;48;5;16m [38;5;1;48;5;16m [38;5;1;48;5;16m [38;5;1;48;5;16m [38;5;1;48;5;16m [38;5;1;48;5;16m [38;5;1;48;5;16m [0m
[38;5;1;48;5;16m [38;5;1;48;5;16m [38;5;1;48;5;16m [38;5;1;48;5;16m░[38;5;237;48;5;237m▓[38;5;17;48;5;16m [38;5;248;48;5;248m▓[38;5;255;48;5;255m▓[38;5;231;48;5;231m▓[38;5;1;48;5;16m [38;5;1;48;5;16m [38;5;1;48;5;16m [38;5;1;48;5;16m [38;5;1;48;5;16m [38;5;80;48;5;231m░[38;5;250;48;5;249m▓[38;5;248;48;5;248m▓[38;5;248;48;5;248m▓[38;5;160;48;5;160m [38;5;160;48;5;160m [38;5;69;48;5;232m░[38;5;99;48;5;16m [38;5;160;48;5;160m [38;5;160;48;5;160m [38;5;160;48;5;160m [38;5;160;48;5;160m [38;5;160;48;5;160m [38;5;160;48;5;160m [38;5;204;48;5;237m▓[38;5;69;48;5;232m▒[38;5;253;48;5;188m▓[38;5;60;48;5;236m▓[38;5;69;48;5;232m░[38;5;69;48;5;232m░[38;5;69;48;5;232m░[38;5;69;48;5;232m░[38;5;69;48;5;232m░[38;5;69;48;5;232m░[38;5;69;48;5;232m░[38;5;69;48;5;232m░[38;5;69;48;5;232m░[38;5;69;48;5;232m░[38;5;69;48;5;232m░[38;5;69;48;5;232m░[38;5;69;48;5;232m░[38;5;69;48;5;232m░[38;5;69;48;5;232m░[38;5;69;48;5;232m░[38;5;69;48;5;232m░[38;5;69;48;5;232m░[38;5;69;48;5;232m░[38;5;69;48;5;232m▒[38;5;16;48;5;16m▓[38;5;16;48;5;16m▓[38;5;16;48;5;16m▓[38;5;16;48;5;16m▓[38;5;16;48;5;16m▓[38;5;16;48;5;16m▓[38;5;69;48;5;232m▒[38;5;69;48;5;232m░[38;5;69;48;5;232m░[38;5;69;48;5;232m░[38;5;69;48;5;232m▒[38;5;160;48;5;160m [38;5;160;48;5;160m░[38;5;248;48;5;248m▓[38;5;231;48;5;231m▓[38;5;131;48;5;236m▒[38;5;1;48;5;16m [38;5;1;48;5;16m [38;5;1;48;5;16m [38;5;1;48;5;16m [38;5;1;48;5;16m [38;5;1;48;5;16m [38;5;1;48;5;16m [38;5;1;48;5;16m [38;5;1;48;5;16m [38;5;1;48;5;16m [38;5;1;48;5;16m [38;5;1;48;5;16m [0m
[38;5;1;48;5;16m [38;5;1;48;5;16m [38;5;109;48;5;247m▓[38;5;234;48;5;234m▓[38;5;247;48;5;247m▓[38;5;250;48;5;250m▓[38;5;231;48;5;231m▓[38;5;1;48;5;16m [38;5;1;48;5;16m [38;5;1;48;5;16m [38;5;1;48;5;16m [38;5;1;48;5;16m [38;5;1;48;5;16m [38;5;1;48;5;16m [38;5;1;48;5;16m [38;5;1;48;5;16m [38;5;51;48;5;188m░[38;5;248;48;5;248m▓[38;5;160;48;5;160m [38;5;69;48;5;232m░[38;5;69;48;5;232m▒[38;5;160;48;5;160m [38;5;160;48;5;160m [38;5;160;48;5;160m [38;5;160;48;5;160m [38;5;160;48;5;160m [38;5;160;48;5;160m [38;5;160;48;5;160m [38;5;160;48;5;160m [38;5;160;48;5;160m [38;5;16;48;5;16m▓[38;5;69;48;5;232m░[38;5;252;48;5;252m▓[38;5;253;48;5;253m▓[38;5;239;48;5;239m▓[38;5;68;48;5;232m░[38;5;69;48;5;232m░[38;5;69;48;5;232m░[38;5;69;48;5;232m░[38;5;69;48;5;232m░[38;5;69;48;5;232m░[38;5;69;48;5;232m░[38;5;69;48;5;232m░[38;5;69;48;5;232m░[38;5;69;48;5;232m░[38;5;69;48;5;232m░[38;5;69;48;5;232m░[38;5;69;48;5;232m░[38;5;69;48;5;232m░[38;5;69;48;5;232m░[38;5;69;48;5;232m░[38;5;69;48;5;232m░[38;5;62;48;5;232m▒[38;5;99;48;5;16m [38;5;174;48;5;131m▒[38;5;160;48;5;160m [38;5;160;48;5;160m [38;5;160;48;5;160m [38;5;160;48;5;160m [38;5;160;48;5;160m [38;5;160;48;5;160m [38;5;160;48;5;160m [38;5;160;48;5;160m [38;5;160;48;5;160m [38;5;160;48;5;160m [38;5;248;48;5;248m▓[38;5;231;48;5;231m▓[38;5;66;48;5;102m▓[38;5;1;48;5;16m [38;5;1;48;5;16m [38;5;1;48;5;16m [38;5;1;48;5;16m [38;5;1;48;5;16m [38;5;1;48;5;16m [38;5;1;48;5;16m [38;5;1;48;5;16m [38;5;1;48;5;16m [38;5;1;48;5;16m [38;5;1;48;5;16m [38;5;1;48;5;16m [0m
[38;5;1;48;5;16m [38;5;95;48;5;241m▓[38;5;246;48;5;246m▓[38;5;248;48;5;248m▓[38;5;231;48;5;231m▓[38;5;174;48;5;236m▒[38;5;1;48;5;16m [38;5;1;48;5;16m [38;5;1;48;5;16m [38;5;1;48;5;16m [38;5;1;48;5;16m [38;5;1;48;5;16m [38;5;1;48;5;16m [38;5;1;48;5;16m [38;5;1;48;5;16m [38;5;1;48;5;16m [38;5;231;48;5;231m▓[38;5;248;48;5;248m▓[38;5;61;48;5;232m▒[38;5;68;48;5;232m░[38;5;160;48;5;160m [38;5;160;48;5;160m [38;5;160;48;5;160m [38;5;160;48;5;160m [38;5;160;48;5;160m [38;5;160;48;5;160m [38;5;160;48;5;160m [38;5;160;48;5;160m [38;5;160;48;5;160m [38;5;160;48;5;160m [38;5;160;48;5;160m [38;5;160;48;5;160m [38;5;69;48;5;232m░[38;5;69;48;5;232m░[38;5;69;48;5;233m▒[38;5;69;48;5;232m [38;5;69;48;5;232m▒[38;5;69;48;5;232m░[38;5;69;48;5;232m░[38;5;69;48;5;232m░[38;5;69;48;5;232m░[38;5;69;48;5;232m░[38;5;69;48;5;232m░[38;5;69;48;5;232m░[38;5;69;48;5;232m░[38;5;69;48;5;232m░[38;5;69;48;5;232m░[38;5;69;48;5;232m░[38;5;69;48;5;232m░[38;5;69;48;5;232m░[38;5;69;48;5;232m░[38;5;69;48;5;232m░[38;5;69;48;5;232m░[38;5;160;48;5;160m [38;5;160;48;5;160m [38;5;160;48;5;160m [38;5;160;48;5;160m [38;5;160;48;5;160m [38;5;160;48;5;160m [38;5;160;48;5;160m [38;5;248;48;5;248m▓[38;5;248;48;5;248m▓[38;5;248;48;5;248m▓[38;5;251;48;5;251m▓[38;5;255;48;5;255m▓[38;5;254;48;5;254m▓[38;5;253;48;5;253m▓[38;5;1;48;5;16m [38;5;1;48;5;16m [38;5;1;48;5;16m [38;5;1;48;5;16m [38;5;1;48;5;16m [38;5;1;48;5;16m [38;5;1;48;5;16m [38;5;1;48;5;16m [38;5;1;48;5;16m [38;5;1;48;5;16m [38;5;1;48;5;16m [38;5;1;48;5;16m [38;5;1;48;5;16m [0m
[38;5;1;48;5;16m [38;5;248;48;5;248m▓[38;5;255;48;5;255m▓[38;5;80;48;5;254m▒[38;5;1;48;5;16m [38;5;1;48;5;16m [38;5;1;48;5;16m [38;5;1;48;5;16m [38;5;1;48;5;16m [38;5;1;48;5;16m [38;5;1;48;5;16m [38;5;1;48;5;16m [38;5;1;48;5;16m [38;5;1;48;5;16m [38;5;1;48;5;16m [38;5;73;48;5;251m▒[38;5;253;48;5;188m▓[38;5;239;48;5;239m▓[38;5;68;48;5;232m░[38;5;160;48;5;160m [38;5;248;48;5;248m▓[38;5;248;48;5;248m▓[38;5;248;48;5;248m▓[38;5;248;48;5;248m▓[38;5;248;48;5;248m▓[38;5;248;48;5;248m▓[38;5;167;48;5;167m▒[38;5;160;48;5;160m [38;5;160;48;5;160m [38;5;160;48;5;160m [38;5;160;48;5;160m [38;5;160;48;5;160m [38;5;98;48;5;232m▓[38;5;167;48;5;124m▒[38;5;160;48;5;160m [38;5;160;48;5;160m [38;5;160;48;5;160m [38;5;160;48;5;160m [38;5;160;48;5;160m [38;5;69;48;5;232m░[38;5;68;48;5;232m░[38;5;69;48;5;232m░[38;5;69;48;5;232m░[38;5;69;48;5;232m░[38;5;69;48;5;232m░[38;5;69;48;5;232m░[38;5;69;48;5;232m░[38;5;69;48;5;232m░[38;5;68;48;5;232m░[38;5;69;48;5;232m░[38;5;69;48;5;232m░[38;5;69;48;5;232m░[38;5;69;48;5;232m░[38;5;69;48;5;232m░[38;5;160;48;5;160m [38;5;160;48;5;160m [38;5;138;48;5;138m▓[38;5;248;48;5;248m▓[38;5;248;48;5;248m▓[38;5;248;48;5;248m▓[38;5;116;48;5;231m▒[38;5;1;48;5;16m [38;5;1;48;5;16m [38;5;1;48;5;16m [38;5;1;48;5;16m [38;5;1;48;5;16m [38;5;1;48;5;16m [38;5;1;48;5;16m [38;5;1;48;5;16m [38;5;1;48;5;16m [38;5;1;48;5;16m [38;5;1;48;5;16m [38;5;1;48;5;16m [38;5;1;48;5;16m [38;5;1;48;5;16m [38;5;1;48;5;16m [38;5;1;48;5;16m [38;5;1;48;5;16m [38;5;1;48;5;16m [38;5;1;48;5;16m [0m
[38;5;1;48;5;16m [38;5;66;48;5;245m▓[38;5;1;48;5;16m [38;5;1;48;5;16m [38;5;1;48;5;16m [38;5;1;48;5;16m [38;5;1;48;5;16m [38;5;1;48;5;16m [38;5;1;48;5;16m [38;5;1;48;5;16m [38;5;1;48;5;16m [38;5;1;48;5;16m [38;5;1;48;5;16m [38;5;1;48;5;16m [38;5;1;48;5;16m [38;5;231;48;5;231m▓[38;5;248;48;5;248m▓[38;5;69;48;5;232m░[38;5;248;48;5;248m▓[38;5;248;48;5;248m▓[38;5;248;48;5;248m▓[38;5;248;48;5;248m▓[38;5;248;48;5;248m▓[38;5;248;48;5;248m▓[38;5;248;48;5;248m▓[38;5;248;48;5;248m▓[38;5;248;48;5;248m▓[38;5;160;48;5;160m░[38;5;160;48;5;160m [38;5;160;48;5;160m [38;5;160;48;5;160m [38;5;160;48;5;160m [38;5;160;48;5;160m [38;5;160;48;5;160m [38;5;160;48;5;160m [38;5;167;48;5;167m▒[38;5;66;48;5;248m▓[38;5;160;48;5;160m [38;5;204;48;5;239m▓[38;5;69;48;5;232m░[38;5;69;48;5;232m░[38;5;247;48;5;247m▓[38;5;248;48;5;248m▓[38;5;61;48;5;232m▒[38;5;69;48;5;232m░[38;5;69;48;5;232m░[38;5;69;48;5;232m░[38;5;69;48;5;232m░[38;5;69;48;5;232m░[38;5;69;48;5;232m░[38;5;69;48;5;232m░[38;5;69;48;5;232m░[38;5;69;48;5;232m░[38;5;69;48;5;232m░[38;5;69;48;5;232m░[38;5;167;48;5;160m░[38;5;248;48;5;248m▓[38;5;248;48;5;248m▓[38;5;248;48;5;248m▓[38;5;248;48;5;248m▓[38;5;87;48;5;255m░[38;5;1;48;5;16m [38;5;1;48;5;16m [38;5;1;48;5;16m [38;5;1;48;5;16m [38;5;1;48;5;16m [38;5;1;48;5;16m [38;5;1;48;5;16m [38;5;1;48;5;16m [38;5;1;48;5;16m [38;5;1;48;5;16m [38;5;1;48;5;16m [38;5;1;48;5;16m [38;5;1;48;5;16m [38;5;1;48;5;16m [38;5;1;48;5;16m [38;5;1;48;5;16m [38;5;1;48;5;16m [38;5;1;48;5;16m [38;5;1;48;5;16m [0m
[38;5;1;48;5;16m [38;5;1;48;5;16m [38;5;1;48;5;16m [38;5;1;48;5;16m [38;5;1;48;5;16m [38;5;1;48;5;16m [38;5;1;48;5;16m [38;5;1;48;5;16m [38;5;1;48;5;16m [38;5;1;48;5;16m [38;5;1;48;5;16m [38;5;1;48;5;16m [38;5;1;48;5;16m [38;5;1;48;5;16m [38;5;243;48;5;242m▓[38;5;248;48;5;247m▓[38;5;68;48;5;232m░[38;5;248;48;5;248m▓[38;5;248;48;5;248m▓[38;5;116;48;5;244m▒[38;5;66;48;5;244m▓[38;5;1;48;5;16m [38;5;138;48;5;239m▓[38;5;80;48;5;250m░[38;5;248;48;5;248m▓[38;5;248;48;5;248m▓[38;5;248;48;5;248m▓[38;5;248;48;5;248m▓[38;5;174;48;5;131m▒[38;5;248;48;5;248m▓[38;5;248;48;5;248m▓[38;5;248;48;5;248m▓[38;5;145;48;5;248m▓[38;5;95;48;5;59m▓[38;5;95;48;5;241m▓[38;5;66;48;5;241m▓[38;5;145;48;5;248m▓[38;5;248;48;5;248m▓[38;5;69;48;5;232m░[38;5;69;48;5;232m░[38;5;248;48;5;248m▓[38;5;248;48;5;248m▓[38;5;248;48;5;248m▓[38;5;248;48;5;248m▓[38;5;248;48;5;248m▓[38;5;60;48;5;235m▓[38;5;69;48;5;232m░[38;5;69;48;5;232m░[38;5;69;48;5;232m░[38;5;69;48;5;232m░[38;5;69;48;5;232m░[38;5;69;48;5;232m░[38;5;69;48;5;232m░[38;5;69;48;5;232m░[38;5;69;48;5;232m░[38;5;69;48;5;232m░[38;5;69;48;5;232m░[38;5;61;48;5;232m▓[38;5;17;48;5;16m [38;5;248;48;5;248m▓[38;5;145;48;5;145m▓[38;5;66;48;5;241m▓[38;5;1;48;5;16m [38;5;1;48;5;16m [38;5;1;48;5;16m [38;5;1;48;5;16m [38;5;1;48;5;16m [38;5;1;48;5;16m [38;5;1;48;5;16m [38;5;1;48;5;16m [38;5;1;48;5;16m [38;5;1;48;5;16m [38;5;1;48;5;16m [38;5;1;48;5;16m [38;5;1;48;5;16m [38;5;1;48;5;16m [38;5;1;48;5;16m [38;5;1;48;5;16m [38;5;1;48;5;16m [38;5;1;48;5;16m [0m
[38;5;1;48;5;16m [38;5;1;48;5;16m [38;5;1;48;5;16m [38;5;1;48;5;16m [38;5;1;48;5;16m [38;5;1;48;5;16m [38;5;1;48;5;16m [38;5;1;48;5;16m [38;5;1;48;5;16m [38;5;1;48;5;16m [38;5;1;48;5;16m [38;5;1;48;5;16m [38;5;1;48;5;16m [38;5;1;48;5;16m [38;5;231;48;5;231m▓[38;5;16;48;5;16m▓[38;5;248;48;5;248m▓[38;5;131;48;5;237m▒[38;5;1;48;5;16m [38;5;1;48;5;16m [38;5;1;48;5;16m [38;5;1;48;5;16m [38;5;1;48;5;16m [38;5;1;48;5;16m [38;5;1;48;5;16m [38;5;145;48;5;145m▓[38;5;248;48;5;248m▓[38;5;248;48;5;248m▓[38;5;248;48;5;248m▓[38;5;241;48;5;249m▓[38;5;1;48;5;16m [38;5;1;48;5;16m [38;5;1;48;5;16m [38;5;1;48;5;16m [38;5;1;48;5;16m [38;5;1;48;5;16m [38;5;145;48;5;248m▓[38;5;69;48;5;232m▓[38;5;69;48;5;232m░[38;5;246;48;5;246m▓[38;5;231;48;5;231m▓[38;5;231;48;5;231m▓[38;5;248;48;5;248m▓[38;5;247;48;5;247m▓[38;5;232;48;5;232m▓[38;5;68;48;5;232m░[38;5;69;48;5;232m░[38;5;69;48;5;232m░[38;5;69;48;5;232m░[38;5;69;48;5;232m░[38;5;69;48;5;232m░[38;5;69;48;5;232m░[38;5;69;48;5;232m░[38;5;69;48;5;232m░[38;5;69;48;5;232m░[38;5;69;48;5;232m░[38;5;17;48;5;16m [38;5;248;48;5;248m▓[38;5;231;48;5;231m▓[38;5;95;48;5;240m▓[38;5;1;48;5;16m [38;5;80;48;5;7m░[38;5;1;48;5;16m [38;5;1;48;5;16m [38;5;1;48;5;16m [38;5;1;48;5;16m [38;5;1;48;5;16m [38;5;1;48;5;16m [38;5;1;48;5;16m [38;5;1;48;5;16m [38;5;1;48;5;16m [38;5;1;48;5;16m [38;5;1;48;5;16m [38;5;1;48;5;16m [38;5;1;48;5;16m [38;5;1;48;5;16m [38;5;1;48;5;16m [38;5;1;48;5;16m [38;5;1;48;5;16m [38;5;1;48;5;16m [0m
[38;5;1;48;5;16m [38;5;1;48;5;16m [38;5;1;48;5;16m [38;5;1;48;5;16m [38;5;1;48;5;16m [38;5;1;48;5;16m [38;5;1;48;5;16m [38;5;1;48;5;16m [38;5;1;48;5;16m [38;5;1;48;5;16m [38;5;1;48;5;16m [38;5;1;48;5;16m [38;5;1;48;5;16m [38;5;1;48;5;16m [38;5;87;48;5;255m░[38;5;145;48;5;248m▓[38;5;1;48;5;16m [38;5;1;48;5;16m [38;5;1;48;5;16m [38;5;1;48;5;16m [38;5;1;48;5;16m [38;5;1;48;5;16m [38;5;1;48;5;16m [38;5;1;48;5;16m [38;5;1;48;5;16m [38;5;1;48;5;16m [38;5;1;48;5;16m [38;5;1;48;5;16m [38;5;1;48;5;16m [38;5;1;48;5;16m [38;5;95;48;5;240m▓[38;5;1;48;5;232m░[38;5;80;48;5;251m▒[38;5;145;48;5;145m▓[38;5;248;48;5;248m▓[38;5;248;48;5;248m▓[38;5;67;48;5;234m▓[38;5;69;48;5;232m░[38;5;238;48;5;238m▓[38;5;231;48;5;231m▓[38;5;248;48;5;248m▓[38;5;69;48;5;232m░[38;5;69;48;5;232m░[38;5;69;48;5;232m░[38;5;69;48;5;232m░[38;5;69;48;5;232m░[38;5;248;48;5;248m▓[38;5;248;48;5;248m▓[38;5;69;48;5;232m░[38;5;69;48;5;232m░[38;5;69;48;5;232m░[38;5;69;48;5;232m░[38;5;69;48;5;232m░[38;5;69;48;5;232m░[38;5;69;48;5;232m░[38;5;69;48;5;232m░[38;5;69;48;5;232m░[38;5;254;48;5;254m▓[38;5;1;48;5;16m [38;5;1;48;5;16m [38;5;249;48;5;145m▓[38;5;1;48;5;16m [38;5;1;48;5;16m [38;5;1;48;5;16m [38;5;1;48;5;16m [38;5;1;48;5;16m [38;5;1;48;5;16m [38;5;1;48;5;16m [38;5;1;48;5;16m [38;5;1;48;5;16m [38;5;1;48;5;16m [38;5;1;48;5;16m [38;5;1;48;5;16m [38;5;1;48;5;16m [38;5;1;48;5;16m [38;5;1;48;5;16m [38;5;1;48;5;16m [38;5;1;48;5;16m [38;5;1;48;5;16m [38;5;1;48;5;16m [0m
[38;5;1;48;5;16m [38;5;1;48;5;16m [38;5;1;48;5;16m [38;5;1;48;5;16m [38;5;1;48;5;16m [38;5;1;48;5;16m [38;5;1;48;5;16m [38;5;1;48;5;16m [38;5;1;48;5;16m [38;5;1;48;5;16m [38;5;1;48;5;16m [38;5;1;48;5;16m [38;5;1;48;5;16m [38;5;1;48;5;16m [38;5;250;48;5;250m▓[38;5;1;48;5;16m [38;5;1;48;5;16m [38;5;1;48;5;16m [38;5;1;48;5;16m [38;5;1;48;5;16m [38;5;1;48;5;16m [38;5;1;48;5;16m [38;5;1;48;5;16m [38;5;1;48;5;16m [38;5;248;48;5;248m▓[38;5;16;48;5;16m▓[38;5;69;48;5;232m▒[38;5;69;48;5;232m░[38;5;69;48;5;232m░[38;5;69;48;5;232m░[38;5;69;48;5;232m░[38;5;69;48;5;232m░[38;5;68;48;5;232m░[38;5;69;48;5;232m▒[38;5;69;48;5;233m▒[38;5;68;48;5;233m▒[38;5;69;48;5;232m▒[38;5;16;48;5;16m▓[38;5;248;48;5;248m▓[38;5;232;48;5;233m▓[38;5;69;48;5;232m░[38;5;69;48;5;232m░[38;5;69;48;5;232m░[38;5;101;48;5;232m▓[38;5;253;48;5;253m▓[38;5;241;48;5;59m▓[38;5;69;48;5;232m░[38;5;232;48;5;232m▓[38;5;248;48;5;248m▓[38;5;69;48;5;232m░[38;5;69;48;5;232m░[38;5;69;48;5;232m░[38;5;69;48;5;232m░[38;5;69;48;5;232m░[38;5;69;48;5;232m░[38;5;69;48;5;232m░[38;5;69;48;5;232m░[38;5;248;48;5;248m▓[38;5;248;48;5;248m▓[38;5;131;48;5;131m▒[38;5;248;48;5;248m▓[38;5;1;48;5;16m [38;5;1;48;5;16m [38;5;1;48;5;16m [38;5;1;48;5;16m [38;5;1;48;5;16m [38;5;1;48;5;16m [38;5;1;48;5;16m [38;5;1;48;5;16m [38;5;1;48;5;16m [38;5;1;48;5;16m [38;5;1;48;5;16m [38;5;1;48;5;16m [38;5;1;48;5;16m [38;5;1;48;5;16m [38;5;1;48;5;16m [38;5;1;48;5;16m [38;5;1;48;5;16m [38;5;1;48;5;16m [38;5;1;48;5;16m [0m
[38;5;1;48;5;16m [38;5;1;48;5;16m [38;5;1;48;5;16m [38;5;1;48;5;16m [38;5;1;48;5;16m [38;5;1;48;5;16m [38;5;1;48;5;16m [38;5;1;48;5;16m [38;5;1;48;5;16m [38;5;1;48;5;16m [38;5;1;48;5;16m [38;5;1;48;5;16m [38;5;1;48;5;16m [38;5;1;48;5;16m [38;5;1;48;5;16m [38;5;1;48;5;16m [38;5;1;48;5;16m [38;5;1;48;5;16m [38;5;1;48;5;16m [38;5;1;48;5;16m [38;5;1;48;5;16m [38;5;1;48;5;16m [38;5;1;48;5;16m [38;5;1;48;5;16m [38;5;248;48;5;248m▓[38;5;69;48;5;232m░[38;5;69;48;5;232m░[38;5;69;48;5;232m░[38;5;68;48;5;232m░[38;5;61;48;5;232m▒[38;5;95;48;5;238m▓[38;5;167;48;5;235m▒[38;5;131;48;5;237m▒[38;5;1;48;5;16m [38;5;1;48;5;16m [38;5;1;48;5;16m [38;5;248;48;5;248m▓[38;5;68;48;5;232m░[38;5;69;48;5;232m░[38;5;69;48;5;232m░[38;5;69;48;5;232m░[38;5;69;48;5;232m░[38;5;16;48;5;16m▓[38;5;51;48;5;231m░[38;5;1;48;5;16m [38;5;1;48;5;16m [38;5;253;48;5;253m▓[38;5;37;48;5;249m░[38;5;188;48;5;188m▓[38;5;68;48;5;232m▒[38;5;69;48;5;232m░[38;5;69;48;5;232m░[38;5;69;48;5;232m░[38;5;69;48;5;232m░[38;5;69;48;5;232m░[38;5;69;48;5;232m░[38;5;69;48;5;232m░[38;5;160;48;5;160m [38;5;160;48;5;160m [38;5;95;48;5;247m▓[38;5;248;48;5;248m▓[38;5;1;48;5;16m [38;5;1;48;5;16m [38;5;1;48;5;16m [38;5;1;48;5;16m [38;5;1;48;5;16m [38;5;1;48;5;16m [38;5;1;48;5;16m [38;5;1;48;5;16m [38;5;1;48;5;16m [38;5;1;48;5;16m [38;5;1;48;5;16m [38;5;1;48;5;16m [38;5;1;48;5;16m [38;5;1;48;5;16m [38;5;1;48;5;16m [38;5;1;48;5;16m [38;5;1;48;5;16m [38;5;1;48;5;16m [38;5;1;48;5;16m [0m
[38;5;1;48;5;16m [38;5;1;48;5;16m [38;5;1;48;5;16m [38;5;1;48;5;16m [38;5;1;48;5;16m [38;5;1;48;5;16m [38;5;1;48;5;16m [38;5;1;48;5;16m [38;5;1;48;5;16m [38;5;1;48;5;16m [38;5;1;48;5;16m [38;5;1;48;5;16m [38;5;1;48;5;16m [38;5;1;48;5;16m [38;5;1;48;5;16m [38;5;1;48;5;16m [38;5;1;48;5;16m [38;5;1;48;5;16m [38;5;1;48;5;16m [38;5;1;48;5;16m [38;5;1;48;5;16m [38;5;1;48;5;16m [38;5;1;48;5;16m [38;5;248;48;5;247m▓[38;5;69;48;5;232m░[38;5;69;48;5;232m░[38;5;69;48;5;232m▒[38;5;248;48;5;248m▓[38;5;238;48;5;238m▓[38;5;69;48;5;232m░[38;5;145;48;5;248m▓[38;5;1;48;5;16m [38;5;1;48;5;16m [38;5;1;48;5;16m [38;5;1;48;5;16m [38;5;1;48;5;16m░[38;5;69;48;5;240m▓[38;5;68;48;5;232m▒[38;5;95;48;5;239m▓[38;5;1;48;5;16m [38;5;248;48;5;248m▓[38;5;69;48;5;232m▒[38;5;16;48;5;16m▓[38;5;1;48;5;16m [38;5;1;48;5;16m [38;5;252;48;5;252m▓[38;5;116;48;5;252m▒[38;5;1;48;5;16m [38;5;248;48;5;248m▓[38;5;69;48;5;16m░[38;5;69;48;5;232m░[38;5;69;48;5;232m░[38;5;69;48;5;232m░[38;5;69;48;5;232m░[38;5;69;48;5;232m░[38;5;69;48;5;232m░[38;5;125;48;5;235m▓[38;5;160;48;5;160m [38;5;160;48;5;160m [38;5;248;48;5;248m▓[38;5;80;48;5;145m░[38;5;1;48;5;16m [38;5;1;48;5;16m [38;5;1;48;5;16m [38;5;1;48;5;16m [38;5;1;48;5;16m [38;5;1;48;5;16m [38;5;1;48;5;16m [38;5;1;48;5;16m [38;5;1;48;5;16m [38;5;1;48;5;16m [38;5;1;48;5;16m [38;5;1;48;5;16m [38;5;1;48;5;16m [38;5;1;48;5;16m [38;5;1;48;5;16m [38;5;1;48;5;16m [38;5;1;48;5;16m [38;5;1;48;5;16m [38;5;1;48;5;16m [0m
[38;5;1;48;5;16m [38;5;1;48;5;16m [38;5;1;48;5;16m [38;5;1;48;5;16m [38;5;1;48;5;16m [38;5;1;48;5;16m [38;5;1;48;5;16m [38;5;1;48;5;16m [38;5;1;48;5;16m [38;5;1;48;5;16m [38;5;1;48;5;16m [38;5;1;48;5;16m [38;5;1;48;5;16m [38;5;1;48;5;16m [38;5;1;48;5;16m [38;5;1;48;5;16m [38;5;1;48;5;16m [38;5;1;48;5;16m [38;5;1;48;5;16m [38;5;1;48;5;16m [38;5;1;48;5;16m [38;5;145;48;5;145m▓[38;5;66;48;5;241m▓[38;5;69;48;5;232m░[38;5;69;48;5;232m░[38;5;68;48;5;232m▒[38;5;167;48;5;251m▒[38;5;1;48;5;16m [38;5;80;48;5;249m░[38;5;239;48;5;239m▓[38;5;51;48;5;252m░[38;5;1;48;5;16m [38;5;1;48;5;16m [38;5;1;48;5;16m [38;5;243;48;5;243m▓[38;5;95;48;5;240m▓[38;5;131;48;5;238m▓[38;5;102;48;5;102m▓[38;5;244;48;5;244m▓[38;5;167;48;5;234m▒[38;5;1;48;5;16m [38;5;80;48;5;245m░[38;5;247;48;5;247m▓[38;5;16;48;5;16m▓[38;5;1;48;5;16m [38;5;51;48;5;231m░[38;5;248;48;5;248m▓[38;5;145;48;5;248m▓[38;5;237;48;5;237m▓[38;5;69;48;5;232m░[38;5;69;48;5;232m░[38;5;69;48;5;232m░[38;5;69;48;5;232m░[38;5;69;48;5;232m░[38;5;69;48;5;232m░[38;5;200;48;5;232m▒[38;5;160;48;5;160m [38;5;131;48;5;138m▒[38;5;248;48;5;248m▓[38;5;131;48;5;238m▓[38;5;1;48;5;16m [38;5;1;48;5;16m [38;5;1;48;5;16m [38;5;88;48;5;232m░[38;5;1;48;5;16m [38;5;1;48;5;16m [38;5;1;48;5;16m [38;5;1;48;5;16m [38;5;1;48;5;16m [38;5;1;48;5;16m [38;5;1;48;5;16m [38;5;1;48;5;16m [38;5;1;48;5;16m [38;5;1;48;5;16m [38;5;1;48;5;16m [38;5;1;48;5;16m [38;5;1;48;5;16m [38;5;1;48;5;16m [38;5;1;48;5;16m [38;5;1;48;5;16m [0m
[38;5;1;48;5;16m [38;5;1;48;5;16m [38;5;1;48;5;16m [38;5;1;48;5;16m [38;5;1;48;5;16m [38;5;1;48;5;16m [38;5;1;48;5;16m [38;5;1;48;5;16m [38;5;1;48;5;16m [38;5;1;48;5;16m [38;5;1;48;5;16m [38;5;1;48;5;16m [38;5;1;48;5;16m [38;5;1;48;5;16m [38;5;1;48;5;16m [38;5;1;48;5;16m [38;5;1;48;5;16m [38;5;1;48;5;16m [38;5;1;48;5;16m [38;5;1;48;5;16m [38;5;1;48;5;16m [38;5;131;48;5;237m▓[38;5;246;48;5;246m▓[38;5;69;48;5;232m░[38;5;240;48;5;240m▓[38;5;68;48;5;232m▒[38;5;249;48;5;145m▓[38;5;1;48;5;16m [38;5;1;48;5;16m [38;5;80;48;5;255m░[38;5;1;48;5;16m [38;5;1;48;5;16m [38;5;1;48;5;16m [38;5;1;48;5;16m [38;5;80;48;5;250m░[38;5;231;48;5;231m▓[38;5;244;48;5;243m▓[38;5;1;48;5;16m [38;5;1;48;5;16m [38;5;1;48;5;16m [38;5;88;48;5;232m░[38;5;73;48;5;249m▓[38;5;145;48;5;248m▓[38;5;1;48;5;16m [38;5;181;48;5;231m▓[38;5;248;48;5;248m▓[38;5;248;48;5;248m▓[38;5;68;48;5;232m▓[38;5;69;48;5;232m░[38;5;69;48;5;232m░[38;5;69;48;5;232m░[38;5;69;48;5;232m░[38;5;69;48;5;232m░[38;5;69;48;5;232m░[38;5;95;48;5;239m▓[38;5;66;48;5;248m▓[38;5;248;48;5;248m▓[38;5;231;48;5;231m▓[38;5;1;48;5;16m [38;5;1;48;5;16m [38;5;80;48;5;253m▒[38;5;231;48;5;231m▓[38;5;248;48;5;248m▓[38;5;66;48;5;102m▓[38;5;1;48;5;16m [38;5;1;48;5;16m [38;5;1;48;5;16m [38;5;1;48;5;16m [38;5;1;48;5;16m [38;5;1;48;5;16m [38;5;1;48;5;16m [38;5;1;48;5;16m [38;5;1;48;5;16m [38;5;1;48;5;16m [38;5;1;48;5;16m [38;5;1;48;5;16m [38;5;1;48;5;16m [38;5;1;48;5;16m [38;5;1;48;5;16m [38;5;1;48;5;16m [0m
[38;5;1;48;5;16m [38;5;1;48;5;16m [38;5;1;48;5;16m [38;5;1;48;5;16m [38;5;1;48;5;16m [38;5;1;48;5;16m [38;5;1;48;5;16m [38;5;1;48;5;16m [38;5;1;48;5;16m [38;5;1;48;5;16m [38;5;1;48;5;16m [38;5;1;48;5;16m [38;5;1;48;5;16m [38;5;1;48;5;16m [38;5;1;48;5;16m [38;5;1;48;5;16m [38;5;1;48;5;16m [38;5;1;48;5;16m [38;5;1;48;5;16m [38;5;1;48;5;16m [38;5;1;48;5;16m [38;5;1;48;5;16m [38;5;174;48;5;236m▒[38;5;16;48;5;16m▓[38;5;248;48;5;247m▓[38;5;1;48;5;16m░[38;5;1;48;5;232m░[38;5;80;48;5;188m░[38;5;131;48;5;236m▒[38;5;1;48;5;16m [38;5;1;48;5;16m [38;5;1;48;5;16m [38;5;1;48;5;16m [38;5;95;48;5;240m▓[38;5;204;48;5;138m▓[38;5;145;48;5;145m▓[38;5;66;48;5;242m▓[38;5;95;48;5;241m▓[38;5;80;48;5;231m▒[38;5;231;48;5;231m▓[38;5;248;48;5;248m▓[38;5;248;48;5;248m▓[38;5;231;48;5;231m▓[38;5;231;48;5;231m▓[38;5;248;48;5;248m▓[38;5;17;48;5;16m [38;5;69;48;5;232m░[38;5;69;48;5;232m░[38;5;69;48;5;232m░[38;5;69;48;5;232m░[38;5;69;48;5;232m░[38;5;69;48;5;232m░[38;5;98;48;5;232m▓[38;5;160;48;5;160m░[38;5;248;48;5;248m▓[38;5;248;48;5;248m▓[38;5;248;48;5;248m▓[38;5;248;48;5;248m▓[38;5;248;48;5;248m▓[38;5;248;48;5;248m▓[38;5;248;48;5;248m▓[38;5;248;48;5;248m▓[38;5;1;48;5;16m░[38;5;1;48;5;16m [38;5;1;48;5;16m [38;5;1;48;5;16m [38;5;1;48;5;16m [38;5;1;48;5;16m [38;5;1;48;5;16m [38;5;1;48;5;16m [38;5;1;48;5;16m [38;5;1;48;5;16m [38;5;1;48;5;16m [38;5;1;48;5;16m [38;5;1;48;5;16m [38;5;1;48;5;16m [38;5;1;48;5;16m [38;5;1;48;5;16m [38;5;1;48;5;16m [38;5;1;48;5;16m [0m
[38;5;1;48;5;16m [38;5;1;48;5;16m [38;5;1;48;5;16m [38;5;1;48;5;16m [38;5;1;48;5;16m [38;5;1;48;5;16m [38;5;1;48;5;16m [38;5;1;48;5;16m [38;5;1;48;5;16m [38;5;1;48;5;16m [38;5;1;48;5;16m [38;5;1;48;5;16m [38;5;1;48;5;16m [38;5;1;48;5;16m [38;5;1;48;5;16m [38;5;1;48;5;16m [38;5;1;48;5;16m [38;5;1;48;5;16m [38;5;1;48;5;16m [38;5;1;48;5;16m [38;5;1;48;5;16m [38;5;1;48;5;16m [38;5;1;48;5;16m [38;5;1;48;5;16m [38;5;131;48;5;236m▒[38;5;131;48;5;237m▓[38;5;1;48;5;16m [38;5;1;48;5;16m [38;5;1;48;5;16m [38;5;1;48;5;16m [38;5;167;48;5;234m▒[38;5;248;48;5;248m▓[38;5;248;48;5;248m▓[38;5;204;48;5;88m [38;5;88;48;5;88m [38;5;204;48;5;124m░[38;5;145;48;5;145m▓[38;5;145;48;5;248m▓[38;5;248;48;5;248m▓[38;5;248;48;5;248m▓[38;5;248;48;5;248m▓[38;5;69;48;5;232m▓[38;5;69;48;5;232m░[38;5;69;48;5;232m░[38;5;69;48;5;232m░[38;5;69;48;5;232m░[38;5;69;48;5;232m░[38;5;69;48;5;232m░[38;5;69;48;5;232m░[38;5;69;48;5;232m░[38;5;17;48;5;16m░[38;5;160;48;5;160m [38;5;160;48;5;160m [38;5;160;48;5;160m [38;5;160;48;5;160m [38;5;160;48;5;160m [38;5;167;48;5;160m░[38;5;248;48;5;248m▓[38;5;248;48;5;248m▓[38;5;145;48;5;248m▓[38;5;1;48;5;16m░[38;5;1;48;5;16m [38;5;1;48;5;16m [38;5;1;48;5;16m [38;5;1;48;5;16m [38;5;1;48;5;16m [38;5;1;48;5;16m [38;5;1;48;5;16m [38;5;1;48;5;16m [38;5;1;48;5;16m [38;5;1;48;5;16m [38;5;1;48;5;16m [38;5;1;48;5;16m [38;5;1;48;5;16m [38;5;1;48;5;16m [38;5;1;48;5;16m [38;5;1;48;5;16m [38;5;1;48;5;16m [38;5;1;48;5;16m [38;5;1;48;5;16m [0m
[38;5;1;48;5;16m [38;5;1;48;5;16m [38;5;1;48;5;16m [38;5;1;48;5;16m [38;5;1;48;5;16m [38;5;1;48;5;16m [38;5;1;48;5;16m [38;5;1;48;5;16m [38;5;1;48;5;16m [38;5;1;48;5;16m [38;5;1;48;5;16m [38;5;1;48;5;16m [38;5;1;48;5;16m [38;5;1;48;5;16m [38;5;1;48;5;16m [38;5;1;48;5;16m [38;5;1;48;5;16m [38;5;1;48;5;16m [38;5;1;48;5;16m [38;5;1;48;5;16m [38;5;1;48;5;16m [38;5;1;48;5;16m [38;5;1;48;5;16m [38;5;1;48;5;16m [38;5;1;48;5;16m [38;5;1;48;5;16m [38;5;1;48;5;16m [38;5;1;48;5;16m [38;5;66;48;5;245m▓[38;5;248;48;5;248m▓[38;5;233;48;5;233m▓[38;5;69;48;5;232m░[38;5;68;48;5;232m░[38;5;69;48;5;232m░[38;5;69;48;5;232m░[38;5;69;48;5;232m░[38;5;69;48;5;232m░[38;5;69;48;5;232m░[38;5;69;48;5;232m░[38;5;69;48;5;232m░[38;5;69;48;5;232m░[38;5;69;48;5;232m░[38;5;69;48;5;232m░[38;5;69;48;5;232m░[38;5;69;48;5;232m░[38;5;69;48;5;232m░[38;5;69;48;5;232m░[38;5;31;48;5;233m▒[38;5;160;48;5;160m [38;5;95;48;5;138m▓[38;5;248;48;5;248m▓[38;5;145;48;5;248m▓[38;5;131;48;5;237m▓[38;5;243;48;5;243m▓[38;5;1;48;5;16m [38;5;1;48;5;16m [38;5;167;48;5;234m▒[38;5;95;48;5;241m▓[38;5;1;48;5;16m [38;5;1;48;5;16m [38;5;1;48;5;16m [38;5;1;48;5;16m [38;5;1;48;5;16m [38;5;1;48;5;16m [38;5;1;48;5;16m [38;5;1;48;5;16m [38;5;1;48;5;16m [38;5;1;48;5;16m [38;5;1;48;5;16m [38;5;1;48;5;16m [38;5;1;48;5;16m [38;5;1;48;5;16m [38;5;1;48;5;16m [38;5;1;48;5;16m [38;5;1;48;5;16m [38;5;1;48;5;16m [38;5;1;48;5;16m [38;5;1;48;5;16m [38;5;1;48;5;16m [38;5;1;48;5;16m [0m
[38;5;1;48;5;16m [38;5;1;48;5;16m [38;5;1;48;5;16m [38;5;1;48;5;16m [38;5;1;48;5;16m [38;5;1;48;5;16m [38;5;1;48;5;16m [38;5;1;48;5;16m [38;5;1;48;5;16m [38;5;1;48;5;16m [38;5;1;48;5;16m [38;5;1;48;5;16m [38;5;1;48;5;16m [38;5;1;48;5;16m [38;5;1;48;5;16m [38;5;1;48;5;16m [38;5;1;48;5;16m [38;5;1;48;5;16m [38;5;1;48;5;16m [38;5;1;48;5;16m [38;5;1;48;5;16m [38;5;1;48;5;16m [38;5;1;48;5;16m [38;5;1;48;5;16m [38;5;1;48;5;16m [38;5;1;48;5;16m [38;5;1;48;5;16m [38;5;131;48;5;238m▓[38;5;248;48;5;248m▓[38;5;69;48;5;232m░[38;5;69;48;5;232m░[38;5;69;48;5;232m░[38;5;32;48;5;232m [38;5;167;48;5;160m░[38;5;204;48;5;160m░[38;5;66;48;5;248m▓[38;5;248;48;5;248m▓[38;5;248;48;5;248m▓[38;5;248;48;5;248m▓[38;5;248;48;5;248m▓[38;5;248;48;5;248m▓[38;5;145;48;5;248m▓[38;5;145;48;5;248m▓[38;5;248;48;5;248m▓[38;5;66;48;5;248m▓[38;5;248;48;5;248m▓[38;5;248;48;5;248m▓[38;5;248;48;5;248m▓[38;5;248;48;5;248m▓[38;5;80;48;5;243m▒[38;5;1;48;5;16m [38;5;1;48;5;16m [38;5;1;48;5;16m [38;5;1;48;5;16m [38;5;1;48;5;16m [38;5;1;48;5;16m [38;5;1;48;5;16m [38;5;1;48;5;16m [38;5;1;48;5;16m [38;5;1;48;5;16m [38;5;1;48;5;16m [38;5;1;48;5;16m [38;5;1;48;5;16m [38;5;1;48;5;16m [38;5;1;48;5;16m [38;5;1;48;5;16m [38;5;1;48;5;16m [38;5;1;48;5;16m [38;5;1;48;5;16m [38;5;1;48;5;16m [38;5;1;48;5;16m [38;5;1;48;5;16m [38;5;1;48;5;16m [38;5;1;48;5;16m [38;5;1;48;5;16m [38;5;1;48;5;16m [38;5;1;48;5;16m [38;5;1;48;5;16m [38;5;1;48;5;16m [38;5;1;48;5;16m [0m
[38;5;1;48;5;16m [38;5;1;48;5;16m [38;5;1;48;5;16m [38;5;1;48;5;16m [38;5;1;48;5;16m [38;5;1;48;5;16m [38;5;1;48;5;16m [38;5;1;48;5;16m [38;5;1;48;5;16m [38;5;1;48;5;16m [38;5;1;48;5;16m [38;5;1;48;5;16m [38;5;1;48;5;16m [38;5;1;48;5;16m [38;5;1;48;5;16m [38;5;1;48;5;16m [38;5;1;48;5;16m [38;5;1;48;5;16m [38;5;1;48;5;16m [38;5;1;48;5;16m [38;5;1;48;5;16m [38;5;1;48;5;16m [38;5;1;48;5;16m [38;5;1;48;5;16m [38;5;1;48;5;16m [38;5;1;48;5;16m [38;5;1;48;5;16m [38;5;167;48;5;145m▒[38;5;232;48;5;232m▓[38;5;69;48;5;232m░[38;5;16;48;5;16m▓[38;5;160;48;5;160m [38;5;160;48;5;160m [38;5;160;48;5;160m░[38;5;248;48;5;248m▓[38;5;80;48;5;246m░[38;5;1;48;5;16m [38;5;1;48;5;16m [38;5;1;48;5;16m [38;5;1;48;5;16m [38;5;1;48;5;16m [38;5;88;48;5;232m░[38;5;1;48;5;16m [38;5;1;48;5;16m [38;5;1;48;5;16m [38;5;1;48;5;16m [38;5;1;48;5;16m [38;5;1;48;5;16m [38;5;1;48;5;16m [38;5;1;48;5;16m [38;5;1;48;5;16m [38;5;1;48;5;16m [38;5;1;48;5;16m [38;5;1;48;5;16m [38;5;1;48;5;16m [38;5;1;48;5;16m [38;5;1;48;5;16m [38;5;1;48;5;16m [38;5;1;48;5;16m [38;5;1;48;5;16m [38;5;1;48;5;16m [38;5;1;48;5;16m [38;5;1;48;5;16m [38;5;1;48;5;16m [38;5;1;48;5;16m [38;5;1;48;5;16m [38;5;1;48;5;16m [38;5;1;48;5;16m [38;5;1;48;5;16m [38;5;1;48;5;16m [38;5;1;48;5;16m [38;5;1;48;5;16m [38;5;1;48;5;16m [38;5;1;48;5;16m [38;5;1;48;5;16m [38;5;1;48;5;16m [38;5;1;48;5;16m [38;5;1;48;5;16m [38;5;1;48;5;16m [38;5;1;48;5;16m [0m
[38;5;1;48;5;16m [38;5;1;48;5;16m [38;5;1;48;5;16m [38;5;1;48;5;16m [38;5;1;48;5;16m [38;5;1;48;5;16m [38;5;1;48;5;16m [38;5;1;48;5;16m [38;5;1;48;5;16m [38;5;1;48;5;16m [38;5;1;48;5;16m [38;5;1;48;5;16m [38;5;1;48;5;16m [38;5;1;48;5;16m [38;5;1;48;5;16m [38;5;1;48;5;16m [38;5;1;48;5;16m [38;5;1;48;5;16m [38;5;1;48;5;16m [38;5;1;48;5;16m [38;5;1;48;5;16m [38;5;1;48;5;16m [38;5;1;48;5;16m [38;5;1;48;5;16m [38;5;1;48;5;16m [38;5;1;48;5;16m [38;5;1;48;5;16m [38;5;80;48;5;254m░[38;5;248;48;5;247m▓[38;5;69;48;5;232m░[38;5;17;48;5;16m [38;5;160;48;5;160m [38;5;248;48;5;248m▓[38;5;248;48;5;248m▓[38;5;248;48;5;248m▓[38;5;174;48;5;167m▒[38;5;248;48;5;248m▓[38;5;248;48;5;248m▓[38;5;248;48;5;248m▓[38;5;145;48;5;145m▓[38;5;1;48;5;16m [38;5;80;48;5;247m▒[38;5;167;48;5;249m░[38;5;248;48;5;248m▓[38;5;248;48;5;248m▓[38;5;80;48;5;252m▒[38;5;1;48;5;16m [38;5;123;48;5;231m░[38;5;1;48;5;16m [38;5;1;48;5;16m [38;5;1;48;5;16m [38;5;1;48;5;16m [38;5;1;48;5;16m [38;5;1;48;5;16m [38;5;1;48;5;16m [38;5;1;48;5;16m [38;5;1;48;5;16m [38;5;1;48;5;16m [38;5;1;48;5;16m [38;5;1;48;5;16m [38;5;1;48;5;16m [38;5;1;48;5;16m [38;5;1;48;5;16m [38;5;1;48;5;16m [38;5;1;48;5;16m [38;5;1;48;5;16m [38;5;1;48;5;16m [38;5;1;48;5;16m [38;5;1;48;5;16m [38;5;1;48;5;16m [38;5;1;48;5;16m [38;5;1;48;5;16m [38;5;1;48;5;16m [38;5;1;48;5;16m [38;5;1;48;5;16m [38;5;1;48;5;16m [38;5;1;48;5;16m [38;5;1;48;5;16m [38;5;1;48;5;16m [38;5;1;48;5;16m [0m
[38;5;1;48;5;16m [38;5;1;48;5;16m [38;5;1;48;5;16m [38;5;1;48;5;16m [38;5;1;48;5;16m [38;5;1;48;5;16m [38;5;1;48;5;16m [38;5;1;48;5;16m [38;5;1;48;5;16m [38;5;1;48;5;16m [38;5;1;48;5;16m [38;5;1;48;5;16m [38;5;1;48;5;16m [38;5;1;48;5;16m [38;5;1;48;5;16m [38;5;1;48;5;16m [38;5;1;48;5;16m [38;5;1;48;5;16m [38;5;1;48;5;16m [38;5;1;48;5;16m [38;5;1;48;5;16m [38;5;1;48;5;16m [38;5;1;48;5;16m [38;5;1;48;5;16m [38;5;1;48;5;16m [38;5;1;48;5;16m [38;5;1;48;5;16m [38;5;1;48;5;16m [38;5;131;48;5;237m▒[38;5;248;48;5;248m▓[38;5;69;48;5;232m░[38;5;206;48;5;232m▓[38;5;66;48;5;248m▓[38;5;255;48;5;255m▓[38;5;80;48;5;231m░[38;5;1;48;5;16m [38;5;1;48;5;16m [38;5;1;48;5;16m [38;5;1;48;5;16m [38;5;1;48;5;16m [38;5;1;48;5;16m [38;5;1;48;5;16m [38;5;1;48;5;16m [38;5;131;48;5;237m▒[38;5;145;48;5;145m▓[38;5;248;48;5;248m▓[38;5;16;48;5;16m▓[38;5;69;48;5;232m░[38;5;68;48;5;232m░[38;5;69;48;5;232m░[38;5;69;48;5;232m▒[38;5;60;48;5;240m▓[38;5;248;48;5;248m▓[38;5;73;48;5;145m▒[38;5;1;48;5;16m [38;5;109;48;5;145m▓[38;5;1;48;5;16m [38;5;1;48;5;16m [38;5;1;48;5;16m [38;5;1;48;5;16m [38;5;1;48;5;16m [38;5;1;48;5;16m [38;5;1;48;5;16m [38;5;1;48;5;16m [38;5;1;48;5;16m [38;5;1;48;5;16m [38;5;1;48;5;16m [38;5;1;48;5;16m [38;5;1;48;5;16m [38;5;1;48;5;16m [38;5;1;48;5;16m [38;5;1;48;5;16m [38;5;1;48;5;16m [38;5;1;48;5;16m [38;5;1;48;5;16m [38;5;1;48;5;16m [38;5;1;48;5;16m [38;5;1;48;5;16m [38;5;1;48;5;16m [38;5;1;48;5;16m [0m
[38;5;1;48;5;16m [38;5;1;48;5;16m [38;5;1;48;5;16m [38;5;1;48;5;16m [38;5;1;48;5;16m [38;5;1;48;5;16m [38;5;1;48;5;16m [38;5;1;48;5;16m [38;5;1;48;5;16m [38;5;1;48;5;16m [38;5;1;48;5;16m [38;5;1;48;5;16m [38;5;1;48;5;16m [38;5;1;48;5;16m [38;5;1;48;5;16m [38;5;1;48;5;16m [38;5;1;48;5;16m [38;5;1;48;5;16m [38;5;1;48;5;16m [38;5;1;48;5;16m [38;5;1;48;5;16m [38;5;1;48;5;16m [38;5;1;48;5;16m [38;5;1;48;5;16m [38;5;1;48;5;16m [38;5;1;48;5;16m [38;5;1;48;5;16m [38;5;1;48;5;16m [38;5;243;48;5;242m▓[38;5;131;48;5;131m▒[38;5;73;48;5;249m▒[38;5;246;48;5;246m▓[38;5;69;48;5;232m▒[38;5;69;48;5;232m░[38;5;16;48;5;16m▓[38;5;248;48;5;248m▓[38;5;231;48;5;231m▓[38;5;231;48;5;231m▓[38;5;248;48;5;248m▓[38;5;248;48;5;248m▓[38;5;66;48;5;245m▓[38;5;243;48;5;242m▓[38;5;243;48;5;242m▓[38;5;116;48;5;244m▒[38;5;231;48;5;231m▓[38;5;188;48;5;252m▓[38;5;240;48;5;240m▓[38;5;69;48;5;232m░[38;5;69;48;5;232m░[38;5;69;48;5;232m░[38;5;69;48;5;232m░[38;5;69;48;5;232m░[38;5;69;48;5;232m░[38;5;69;48;5;232m░[38;5;68;48;5;232m▒[38;5;248;48;5;248m▓[38;5;248;48;5;248m▓[38;5;109;48;5;247m▓[38;5;1;48;5;16m [38;5;1;48;5;16m [38;5;1;48;5;16m [38;5;1;48;5;16m [38;5;1;48;5;16m [38;5;1;48;5;16m [38;5;1;48;5;16m [38;5;1;48;5;16m [38;5;1;48;5;16m [38;5;1;48;5;16m [38;5;1;48;5;16m [38;5;1;48;5;16m [38;5;1;48;5;16m [38;5;1;48;5;16m [38;5;1;48;5;16m [38;5;1;48;5;16m [38;5;1;48;5;16m [38;5;1;48;5;16m [38;5;1;48;5;16m [38;5;1;48;5;16m [38;5;1;48;5;16m [38;5;1;48;5;16m [0m
[38;5;1;48;5;16m [38;5;1;48;5;16m [38;5;1;48;5;16m [38;5;1;48;5;16m [38;5;1;48;5;16m [38;5;1;48;5;16m [38;5;1;48;5;16m [38;5;1;48;5;16m [38;5;1;48;5;16m [38;5;1;48;5;16m [38;5;1;48;5;16m [38;5;1;48;5;16m [38;5;1;48;5;16m [38;5;1;48;5;16m [38;5;1;48;5;16m [38;5;1;48;5;16m [38;5;1;48;5;16m [38;5;1;48;5;16m [38;5;1;48;5;16m [38;5;1;48;5;16m [38;5;1;48;5;16m [38;5;1;48;5;16m [38;5;1;48;5;16m [38;5;1;48;5;16m [38;5;1;48;5;16m [38;5;1;48;5;16m [38;5;1;48;5;16m [38;5;1;48;5;16m [38;5;1;48;5;16m [38;5;1;48;5;16m [38;5;73;48;5;243m▓[38;5;167;48;5;167m▒[38;5;160;48;5;160m [38;5;167;48;5;167m▒[38;5;160;48;5;160m [38;5;67;48;5;234m▓[38;5;98;48;5;232m▒[38;5;69;48;5;232m░[38;5;69;48;5;232m░[38;5;69;48;5;232m░[38;5;69;48;5;232m░[38;5;69;48;5;232m░[38;5;69;48;5;232m░[38;5;68;48;5;232m░[38;5;68;48;5;232m▒[38;5;68;48;5;232m▒[38;5;68;48;5;232m░[38;5;69;48;5;232m░[38;5;69;48;5;232m░[38;5;69;48;5;232m░[38;5;69;48;5;232m░[38;5;69;48;5;232m░[38;5;69;48;5;232m░[38;5;69;48;5;232m░[38;5;69;48;5;232m░[38;5;69;48;5;232m░[38;5;69;48;5;232m░[38;5;244;48;5;244m▓[38;5;248;48;5;248m▓[38;5;1;48;5;16m [38;5;1;48;5;16m [38;5;1;48;5;16m [38;5;1;48;5;16m [38;5;1;48;5;16m [38;5;1;48;5;16m [38;5;1;48;5;16m [38;5;1;48;5;16m [38;5;1;48;5;16m [38;5;1;48;5;16m [38;5;1;48;5;16m [38;5;1;48;5;16m [38;5;1;48;5;16m [38;5;1;48;5;16m [38;5;1;48;5;16m [38;5;1;48;5;16m [38;5;1;48;5;16m [38;5;1;48;5;16m [38;5;1;48;5;16m [38;5;1;48;5;16m [38;5;1;48;5;16m [0m
[38;5;1;48;5;16m [38;5;1;48;5;16m [38;5;1;48;5;16m [38;5;1;48;5;16m [38;5;1;48;5;16m [38;5;1;48;5;16m [38;5;1;48;5;16m [38;5;1;48;5;16m [38;5;1;48;5;16m [38;5;1;48;5;16m [38;5;1;48;5;16m [38;5;1;48;5;16m [38;5;1;48;5;16m [38;5;1;48;5;16m [38;5;1;48;5;16m [38;5;1;48;5;16m [38;5;1;48;5;16m [38;5;1;48;5;16m [38;5;1;48;5;16m [38;5;1;48;5;16m [38;5;1;48;5;16m [38;5;1;48;5;16m [38;5;1;48;5;16m [38;5;1;48;5;16m [38;5;1;48;5;16m [38;5;1;48;5;16m [38;5;1;48;5;16m [38;5;1;48;5;16m [38;5;1;48;5;16m [38;5;1;48;5;16m [38;5;1;48;5;16m [38;5;1;48;5;16m [38;5;1;48;5;16m [38;5;1;48;5;16m [38;5;1;48;5;16m░[38;5;249;48;5;249m▓[38;5;249;48;5;249m▓[38;5;80;48;5;188m▒[38;5;66;48;5;247m▓[38;5;167;48;5;233m░[38;5;80;48;5;253m░[38;5;251;48;5;251m▓[38;5;251;48;5;251m▓[38;5;248;48;5;248m▓[38;5;248;48;5;248m▓[38;5;248;48;5;248m▓[38;5;66;48;5;247m▓[38;5;16;48;5;16m▓[38;5;69;48;5;232m░[38;5;69;48;5;232m░[38;5;69;48;5;232m▒[38;5;16;48;5;16m▓[38;5;248;48;5;248m▓[38;5;248;48;5;248m▓[38;5;73;48;5;249m▒[38;5;80;48;5;251m▒[38;5;95;48;5;251m▓[38;5;248;48;5;248m▓[38;5;16;48;5;16m▓[38;5;248;48;5;248m▓[38;5;88;48;5;232m░[38;5;1;48;5;16m [38;5;1;48;5;16m [38;5;1;48;5;16m [38;5;1;48;5;16m [38;5;1;48;5;16m [38;5;1;48;5;16m [38;5;1;48;5;16m [38;5;1;48;5;16m [38;5;1;48;5;16m [38;5;1;48;5;16m [38;5;1;48;5;16m [38;5;1;48;5;16m [38;5;1;48;5;16m [38;5;1;48;5;16m [38;5;1;48;5;16m [38;5;1;48;5;16m [38;5;1;48;5;16m [38;5;1;48;5;16m [38;5;1;48;5;16m [0m
[0m